Webots Project File version R2021a
perspectives: 000000ff00000000fd00000003000000000000000000000000fc0100000001fb0000001a0044006f00630075006d0065006e0074006100740069006f006e0000000000ffffffff0000006900ffffff00000001000003a9000002a5fc0200000001fb0000001400540065007800740045006400690074006f00720100000016000002a50000008900ffffff000000030000073800000125fc0100000001fb0000001a0043006f006e0073006f006c00650041006c006c0041006c006c0100000000000007380000006900ffffff0000038d000002a500000001000000020000000100000008fc00000000
simulationViewPerspectives: 000000ff0000000100000002000001000000051a0100000002010000000100
sceneTreePerspectives: 000000ff0000000100000002000001e8000000fa0100000002010000000200
maximizedDockId: -1
centralWidgetVisible: 1
orthographicViewHeight: 1
textFiles: 0 "controllers/lifel_controller/lifel_controller.py"
consoles: Console:All:All
renderingDevicePerspectives: robot(1):camera;0;0.395312;0;0
renderingDevicePerspectives: robot(1):range-finder;0;0.395312;0;0
