Webots Project File version R2021a
perspectives: 000000ff00000000fd00000003000000000000000000000000fc0100000001fb0000001a0044006f00630075006d0065006e0074006100740069006f006e0000000000ffffffff0000006900ffffff0000000100000350000002c6fc0200000001fb0000001400540065007800740045006400690074006f00720100000016000002c60000003f00ffffff000000030000073800000104fc0100000001fb0000001a0043006f006e0073006f006c00650041006c006c0041006c006c0100000000000007380000006900ffffff000003e6000002c600000001000000020000000100000008fc00000000
simulationViewPerspectives: 000000ff0000000100000002000001000000051a0100000002010000000100
sceneTreePerspectives: 000000ff0000000100000002000000c0000000fa0100000002010000000200
maximizedDockId: -1
centralWidgetVisible: 1
orthographicViewHeight: 1
textFiles: -1
consoles: Console:All:All
renderingDevicePerspectives: robot(1):camera;0;1.15625;0;0
renderingDevicePerspectives: robot(1):range-finder;0;1.15625;0;0
